$ANSIBLE_VAULT;1.1;AES256
61363735336664333665656261393437643366353934336531333739636364393532316461333332
3936356138366337363636353038626235393132313139610a343338346165396434383462373831
32653139386131613865653839626432336232393735613738376462626239333163613964303765
6339356337383634390a656635336631303830326434313965386634653066323137343561326263
63623437653961643462663338303462623530353263326238373535653936343263306434626266
39646338633132383165373839376161376138653365343232313432623638323330356536656634
66303466613437656433313731613534633734613134666535633036373662356631326161376665
66616265653133373866323962303761643337623738313335346663386130383533393662383464
31383038356435353436656366383030373637353134653437356664656534333937303062333432
34626365393565373765376363633966653562636238666664326565373131326563643236336364
39316661666261363933386131326237663465653762343962616239636662633739656236656639
31623165396636373564363663316665356661306632316363356438313331316562303631623136
39353336386264393331636430653837623639336466346132386262623562336163616437363632
32326362316436646565623532313236633363306337396436663737333938323964613638643933
35366162333837386133323838346366303137323164356232313630363462626235353331666330
36303330653438663430333234333639633066313266323539393136323065306662383964623862
36313163376566353766643962653831373864663031643165353366633662316633313936623139
36376665616232386262333838326536376632616433396565383963653530373432313835386235
39623931313239393039633239376162636537656164316561373638343261313033373136323232
31323963663938346639613164376530326466306161643262643265353232333437623365386664
35326536343363396437663863646233643836343361383834353434313161356133313130633464
64396333666238613465303431643061393430663862323838356564366634333765366432363633
65303662666432643130656366623563633239303736326639393238313734326365386438633335
30646439333135633464646434336230336630333864643730383631313831336437663838356239
34343537303238343732393735313539623738303733373239343131643435653265633139333034
61386139623135363332323234356633623334623439613136646330383862366537616131623237
30336238363333653533623639666565323439356533346431353635663766656161313230613036
62666530626265346465303532363539313164393830636266316238386437326533376366363962
31356636316564326538396637633263383635653433363030303831663635346465393837326261
31336132346639363035643835393437353038326562356131653836663238333134616139393238
30386132663661386136336239306237316466333830356663313738363965336636383338346530
38633236346662393238666461383237666536646438626664353735663263636337663930303433
31353661303161663835616539376565343262386334323865356664366130303664373366376662
34623062366437356338396263623530666566363537363862656435643565636662613037656262
63353661353437313337306538306337376533326636383732383263383338393336663663316564
61613864646437613161353336396262623762626262336666363033353766386664316239333962
66613130353661313166643234346634353531383234353266386539653534343137376232613663
38333534333264633635643936313531633661663463616237656666306364393264623263326533
30646236373337653365613233626361306266386163326163333365373638663861363731343963
32333863376361383563633364323030306135326332313130333232643435633539383239376365
65393761633862306337376264303238353865653430343261333865393331626535336363386439
65396266333834623330323836616237313530323339323362346535363762343434643034633538
38386365313932336539363136346639393535623565306266356364373038643731636239623362
36643463326334303038633338636437376237646630613263326630653232626162636539346635
37313961366236326238313239653366343737636163633536653766656366353337393035396230
39383234393638373931643666373430366265386639383831326536633032653833643037323132
65646262613331396634333337613661303632643135616361653835383233363262623761633238
38366235663731306430323366313763353137633163353765613231623961646436623066336137
64333934386661333537396362393631656436623133306130393934663138393131363363636236
35613831306435633139643565353635633466363866343331366431623436666234613635323532
39313236353634396561643130646636666430383566626462333031386537363930323162313430
62613834376466326661613465643162396433313539356636663761353533663435663034383832
36393432373061666434323566323038613332336636356364623363303062343163366639623237
32613838336664313338313861646430353131333330643336306132316437373935613863666337
65343763343361363933653864313138653134343464383136616463326366323539323639353362
36633566666439646637653265386432393962386536303530313835343234373131373132326633
35623134636661363561333264336330353165663466363563343364326164653161666331316337
39623539633134616161653163353664633839366631333432613863316230613132376432323461
34643032336539646232313735383336613232323636313839386638386364346236333130636231
33326363653133303565663962623766313331616536313564653134616165316330646663393736
38373733643935393332646439396165613535343939613238373063393662653364636164366362
38643731656361393038653838356666303065663465343533653738383539333731366530353430
30303165323063373163353830343539376235313333313534653337353232333363653230313930
38373036383765326330663939656263383666326535616533353133353032353965643964663535
34323064633566306235656330313337333965353863356631363839313830373263316333353063
61396363376665326233303537306334323262336232636638656161373836393565376664313630
31623864373164393437363439383330323535646638343634313764623330666561386462326262
63386438636136336435646238666232623233613530656333353139373333363962633037656339
34633665633339353937313061666565393562356535623231383231303365313534616531653965
37666163663537326439623733346139353635333766616465613230313861663361303363303764
61313639316463636664383139643831643535653832353930353838313637643136343338393232
66383465633233396337396665333062336430373464613936326436326238653661656561663263
61333835623162393932336433346662306562313234353065373830336631333634353664656264
61333431666432313936656131363965336433613364646634386438616632663930376634613363
37303633663631366132663361373737363936303862646331363535383631336264633734323731
32396633316334303961616539346538623736623138643430653262373438353038383663356361
61636263346334623061356463373066306365343661346438636564323639313437663730666665
33373234383031643835386661323939323236613934656231363335646566623239373237373731
31326430306132373236333764376434396434333562373866626339346163366532666639376538
36333737366366383933646465636166643162313437333235336336346165663066636661373631
35653333303365633439363762313862383236393662623234313136393837373261646263306134
34623962373764353231663663613362383935303334303465663863383038653561656163653834
64393330393530616563353163653462336233633764393730323566363437333836336635643164
34366661663464396263373062386238656234333866366233646262656661653031323330396236
37343233316534313265306532303232393534313233303062306232323164666131356337386131
36623832363662323232636139393432626230366531303866376366333166616437363739383837
31313062303965613863666537626561666334343133366536633463393935633138643335366334
64313239316132323330363965623636396235663766373337336339623336333232666236303138
32653432366133633866316435656331326332356162623964353138373261373838383962333938
31326464653437343830613039613938356164336636393232306238343130336538306231343161
31376331623539623965306365363031363631313861653764656237353835646332663866653338
32656333353262376337343435376164656433663436653561303038336264343932353165353434
30376331343262626434396365303961616565636338386632316136313762333066323033623663
65666431353361376363653561636536663566636337363165633663366634396531643861353537
62343366303836333437663030306165626639306465316432623461373566313936376435396532
35306331623165656463613339373533646463306466643231383936303438636236313439386538
65643562323332373933653466346262373433663864303461313734633235363535633936613037
64653431343863663831323665653738393833366633333530383239643264616234626134613561
38303165373662383236663231623738353032303561663637666161656461643766663634383635
62656462353064313131353563303961636162666334333266643631323330333032393331666661
38653532383535623765356139383330613166623833396564316239626662626636316265656635
62616661643535336365663232373365626234346362653933666239643235666166383734306365
38343637626336393165613166333763313434303061613934346361383166656335646465313832
35376163613230656666333761306232323962633666643262353336373632643436346636323838
32666135643930303134343463653834353637626337613665323565373262346139633239643831
38313034643533653230396530306130663337653830313234636635396634366666316431333335
39613431633735343764393536636236356137643638616663623939353835643339343335366235
61356136613639663932323833396262376262373235666132306330353033343461653231303637
61323032633235646230633634646361636430383037373264373538386166653434653463393866
62616331333235623036626430636438616535356530346137623366333265666361373037373432
37346230323235636238663032376634353362613830653935653732333664643034623739323066
32623737393435346636386330366632613263383236623461666562383538636634303666656536
32313464306638376132633364306262336634313437313231373136363931303463343836656331
61373733646534353731336432386563363266303865366333303030376636363232303063653934
32333931376432646631373234623266626464303934646336666132666234633366646564313666
36653232316566373530363434663230316338623364363965636461633631616532373565393632
32363038363265633534356335636339643734353839356334626361393461633436363966366162
34343538656631366435306139663038616436323532366436353832643131626432303164303064
64346164303137613339393762313434323837666431303336346161666161313261383865303939
36616565336239373630643935343537376464666563326163623034323539373835636364366235
62613936383435633764356333313864646466613463323266343836393261383030633365343539
38613134663362393864633465323266326335356364383230643938656635396433613633353236
32643637623132363765656531613132333831386266653336353937376163323132326661666436
64613631633231646663313864396330396530326133356237643330353962346661383263633563
62633566373334653235623333666639343866363733336264313039346631663539636362393532
63313539326464373865373830653538363233393162613364666163346637616131343230343133
38623535666130656463393431646332366363326339336133666434626430623938386136363963
63303037646338636364653763366235313465383135656562313436623538393636323937653035
31653362376334383061663863376466316363626163303265343066343535313261623536343966
33373335656432363632666465633363313765396539613030303665653039346663656566666663
66313464653361393034393063653465303034393936316164366335626337313336393665366163
62653962303830366133643463663166356663383566393137646634306462313032396163356564
38383435323831633363626138353138636563633961363136373336336430653862373032353736
38613836646131326462333965666661373134353832303333646630633763323164626263353234
37333466613339613362396633376465626532613931383938316163633464353733613431633631
65643961323664393735356262633566393738636366613936623630623061626232333566336561
33383262336438363533646163366138623433376333373464313231643864316133636532366633
33636135383665356234396262303864656233393565613533313837613739653262616363643836
39653037396461323034376231623864333633336636386639653435323564353834333963616561
33333466386638326135633234646263386638343164643230306437313132663766656438383234
62613236636239656261343662663464373239613635303463643135646137376635313163343761
64396132313263633931303062623430643263393366613330346334373930353236646563346433
64396532363261646365373261336664393939336435323037636362616263636139376565386237
30323630613633623331343231626634376161386331373038646538373665373463386264663333
37323231613464373262373332656332616338613765663365666161306330366532316432393465
66616232633765643336333333623331306330356432633064383934656233643861656232636636
38633264346164396535376366326132613130633239323461633139663038306536346130326661
37626431383364353936386633366461613134633365623962633739346535313164303763313832
30313430356231333966653233636132396363323166386438663234616337356661323766323932
35393734646361363536333336616437323062633831653531353936393733376133633830623534
61376332616236313137623861616263313838386463623335326434613630376337326534333762
39373934323666396236626132623430316261663234313735316264623535353635613030336336
39363335656638653062363639353763333139333931653266666666323430643634313339643063
34633962383165333130376462333530363233343934666336643465663263363333346231333664
36633235326331373630373964376537616330626661323666363736636333653834306138396465
65623637393461663761303263376366643762366362373261353134396533306264336262393432
61313431366133363961663362383062366363316665653934373935333465366461636530656337
39633862623336373862656564346232363734643132323031323165396364326331356637343164
39366332633765626238333664663133653032346263656234616635343333313730653737613434
33306139643039643939316533333434653063643034666632386431356239306666303062393562
36613461316163663631393361313733646366646166326561626232636235663530383239613436
34313339376138326531646666663961363037306133393963353537373065663664336665643862
62656137303833313266636538323131386462623234663631396263616264656534366364323331
36373862353964616636316433616466383464663464393637626639633761303432363865303565
38633866383735333930653662373533646236663065613037363463313234303662643464653030
32643638666665353133363431313931636434643333363963323365373762323332643933313164
39303231386461353730373631636435363132316332346530663664313162313363616264306163
38346263396634386462383835623866326537616166353632306266366533623362373066633535
32646464326432313562313231616465613638386237666530386138666266373839633061306663
34356139646234383536636330376161613732643664393965383866313530653733313138636662
33626634346165363465616330663164336634616638356363376439393239313564633562376363
33343530313463326434306134366635343236383732623837313432633432653139626236643466
32353363396230613831373634666531396132653964653839326637343733616334393866363238
37316438356334633535313030663037303139393965666662393364383130616633643261343039
65633336386339323036393739333330646635303761306264656239633234313662613737373632
36613762613332316634326434303334613232623463666230333832306661613230336433373663
39306335376233653861356135666633623930616565343266616561373663376338393565623362
61643434313737313963333064383364366630613633346138616366383365303936663438613863
66383863386334356235663034383164343431313739313336336565623332346235386566353239
63396664636664633166386439643534643264393939323364383865343936326636633734353231
33373765383863313332623063323266386632396239643562633733643033646330343239623364
38363730353564346534383231313636616635383836343934623864646166323031653366663339
65313035306266653831613130653761363735613262316338393838396630303632653234363333
66313334343232633633613036663335333034633537633134653231376132663135366436646566
65626162323564376136643930386138393238353535323234653261323731646530343661653535
37333530343664303531613738663061363666326163666131316361326339653436336131353536
34373935393330653639323339373230346262306431653236623231613164623538356631333033
65356337663963623365613265396434336335303930643731336336303862336162303331303931
64633462353239636366643161363233386634666166386164336464643033626564366439303262
38363238623535386666396164336535306161383239336131653532636465313963663535383262
33396232623731643561646639363233303332343739363237646533613533346236386134336330
38653334313639363131323430386462623033666638643138356661633861653936396263366363
34613335653935383962633531376239353561383631636466346363653764613831656264366232
61616632666435303932316635303632623234383835343335333732313662323166666264323266
63666338353835353735636138623531303136656333343465623830323635316239333334343066
62646534616463626563323861393431333662633633653161613135636433646566633561613761
38346262353436373863373931386231613139303839313434626466636236663237623533353463
37323736376531653363306564366465343664353263393234663936343761336136333861643561
37353139356431636130643866316131623835623133303761613330396333626535643166303162
34663530643530313538343162306536346164356233393565636266616231346436633264373366
39636235303936653236613632353266343937373831623631613664653931623032646335336434
31613332616633323464353564303534326630633663363633653530353063623539323863346461
36653430613137333565386631356132393962613962613166393032656130616232383030383834
36346630646463303365343632363166653333336433303235333838643133663938383939326261
62393136353937386666623066663536623763633363643234323166643064313433663933353039
32353864326662643765613363306262376438343935643837316638356638396235623133343863
36623964646161656163396135393562383161666461653332633638656261613735333763633639
31383638326232326337316132646462636662386434656565396463333563333239303933613166
66653036633437356331326232646563653534613365386463633765333464616166653634616534
36626237393630373766613533623133323536376533393264653432386133653433386562333038
39306262336538333165663732393165636631636136356365306331343932626238313537356463
64656133626164343966346131653664376461353362613837336331396539633061313162356566
37353933663033343037633166616162666263343838656638633230353062313830376638636539
30396337643066373162303734633437383030306531346239303430323434363632663536393435
36643539353162616134393136313465363331396666646430393233363964636334313762323037
61386532626636646633366161373930613633353461613265383161656661333338353038323134
35633134343161316531656631343863633533383730326564333834323939333465323265383433
36393335303634383563623964323836393563613938353531616462343064663830643233643834
61363538333861663937633464306263643962333632313766633562613931663163353161613039
64356536316161616462653433323436396363326431383533323162313166386436643535373330
63353936643936306332653463333134373332383432316564623132623739373934373536323233
35623837656130336433333232653937376139623634313439623062646361663731336364656666
36303861323335336234613435366364633861646665363761336332656631363139393965366663
66656337653564653161353162653539643666643535626563323063366636326137356434333661
61313364323233343535306234623166653232353762643661383938636164303362306533363865
35346131316132376165316663383231313937386633366636373438366362336539653363343865
62353964663135363338363865333437363234333032323838666465363362376262333565326335
66666562356138626135613234376437666233663632383766353733656636623133653836376262
35363862663137333265323433326431386566663030356431646439383136313338303436356632
34323931643861316261326230373131333830626664323262623433393137383232363465643433
61343039613865326231613234663335363735383233363235336264616230663932363232656238
64336633613533373435363634386362313338343861333932323336316536373633323536653632
37393835363163386634366166353964666464646337333730356336383830393364346332323530
33386363363361396563663131353965643232646230653935373036396337393861616430356534
66613561383539333633353462613932316331383831666433636435343164333062646434626538
32636138663139373265353834653330363434383465373632393639316432376164313336306364
64373036333230643132636464656131613536396261663663663466366434333038653039663039
66623036303863323639333533663031376136376634626337353763373763366639636263396538
33366332303533636236373033373233313861633733623030396663303964616664316235666339
35633732393066303563373131363061653938373866306530653666343135386162646564333361
30636235363739663262366436313465363636336134343966333738313537366437346561323262
65336235663233636662303430626639386331346564653265653761346261346366663464643466
62373435633033383864623030303465323231356162333334656630616338393962313538616465
34623234323462326438336563356139623333396266386536613964613865633339313961633165
65626162656138303165613961363961336466623239393932613163396364393130613462303361
36656134616633623737663433373130373435653961666137313136366435356266663835306139
33663037643935323433393231613239653961646132383235333830366537326163623461633962
66643338393630616666333764396435313536643530626435326636313932646662373237373238
66373538353436386366386161363862396638363863313938326364626366633336356536366239
61393334623663616536663663333239316330306633643763333964306266396630393263373832
66636139646565363063393038323436636539386532613765646232633739396131626530323466
30346136356637343237306536653938393863613138333164353234626532396634616338656632
62353262303830373236616262303935306238326662353933383861393538343130383964613663
37636432363035646133326566393536313330336639616661363136613632396662333834656534
39386138653536383363613762666663613339383366643665633132366130626439663666663536
65386334353332643931613464326233366434353133363164646261353265303261616362343564
35343934356536353465383663366264626333663163306135646361363932643161303162643063
39363430356231653839343863303966646133326433626238383863323235306439643834316335
32663066356130316565666361313438336330663537373333383261633466376166376538326562
64353134383662393735626639303533383035656330623461633763643131613338396332383838
33626534363661396236306432346636646536353766383935383264343965636666616466326637
31366237656632316130316561646132653564366438326632393333373236316561643337616365
30663563663739363336663863353866666239323761623435393364393331343661306365333235
61656466646561316536323935633937323837353336306631396436613938303635333961303338
63613666613934316131316261383066633630313232326131306230656163343636346266623833
34336434303034326330623363393733376130366333316632356333393838323235316161613737
62396361376630666630663463633738666137373933323136363830636338346532643836336236
64626138653432363834333461396336653365356330336231383262326662373064663635323161
30373635666635303630643836646335343466663136313135393562353264396430663534373961
31303832383361343639303339363665346336643162343831666661656431383632666533353963
37373536336664663238336339336631313438653865383133366237376636663836343765633737
35633831306263643630636630326330363030396437396365656635333561636631396433386564
37653530326661636663373133306236343634626332383635323966373736336265346631326236
64333165316238623739393431626361633131326131323531636365316532383732333235633664
31613636633635366236323230653065393037643234326339313161643436616238323634383734
37316631656234346132303932343234633664613263353137623434303936303031613466326364
63333865393563383538323362636230363564346237653463643463363139383866326430623634
31303134363037623337366132643862646534393361633132343433326336643963376235333839
64643465383031393734333436646131663633366166643833323336323666326333366564656431
34666461316136343831333937336466326361626661313164643538666430353738306234636662
34636430663537663233386437333432363631663031306436633564636564306565313735663130
38613838633265303039303733373564653764626336373439653765313937636537633162386432
33623730636430303233366564393362623766363737653963363537643635376531643462343838
36313564666262376361306165366538393334336566646364326132303333663165303339653166
36333733386638326434373666643264303337353232396164646166383466323562333532323963
30356232663531623862313632626139346561353461636135616639336538666131383535396466
64373335356265303864646366316237303539663763313164303137613836353932313936613136
30633136663266653561353862356262633263333835663436653531666661383265323731323965
36366363306663373331336462323532376231373330396230313336663637653930376363633237
31616132353533373830616139353666636266313034653732386237376664386464666537383732
64306230636166633936366337646461363362363735623564346562396632633539343366376637
38396165383061343132393435353136343430633766656437363634633230333861306235353536
63386664393535616461643932343665366530623166333631663431366134383035616331393834
66666164366232336662383332313632356561376437353634633130343962393332623061656262
33303437626365656664616562353065353634613939336533326465373839396663333431366339
64353965613862393061663337393933653734373235633063313831316261386263613862643636
65393031323536653565663132376263393261616336373633616563366162643635386166313833
31326637366135616431373138613861333733353763313630626361666138656332313862643731
63333364353661643764353764663235633131613663653763613264313766653036393063646235
30356637396538373966303736336534613432663864313237346531623336323336623031366132
66383963303434353730643965353265616637306563666436393463316337646235613333383166
65653137343464373236313166663562336533643939376338363663363132366236336136633435
65333934633264363035646535663035323466663930346234353234303439373935343531653837
61346364343163336261323734346262613862376532326133323233623930363231616664306639
66306138353861366430623732376137643266626232306138323236396566636336396139376437
38366535613432383336653835326561386536306366623262646638613133313234656535616437
64643532663131303462383937396235656137613932333038623739326336366430636335373230
66633062663439656334623766363531333562396361363632363135663639353363363338393432
35346536363464336434633362346561643765336638346631623932306234396636333663636137
33656334393966356235636561626161316262326531353635366337303561316131346265653035
39623739653932656432356238663937396465356439363066643466386466376432393764396363
37323838303664343161303863303931636461663736303139633730646234356135316666633934
63393762303961333339306631383335393935306464363864363831623263373330353763643365
30663564653861373566663633343831393364336663333237636361663739316331636261663765
32366365656431346335613866346463666434366433323661383763643466616133373039373839
30346132333030396330336366306434623631666665383239383134313662353938666532316436
37373736383266363738303734333662663231363761383539353939636464636164363838636236
35313566396163663537626264666466346461383938393637666661326133653466376332623963
39666131333038343434636634383163616265663632653266623032306330613463636332616630
33366232356663303937653533336636613830633166346265643366636138376231376666313063
39656563646562373238356137343233383431306136616432373261666165323035396238393038
61346236303262343734653839366265346635333733626364316664303339396533626361386433
35393161653238313738383337303339376461323439383665386563376538383134333833626636
37373738623366633461313834353230616462616632616137353037646134303338333737633964
32633065363239306338333265633665376165366231373534643663623232666166316366373532
33336538393938636230333437313963666561343163346533366438386365333632396637663533
30323335333762373262393866393336343731356433656334336564333838386266646564653263
32613937313566326132383166666439626262343530643864643435356565386232386264643331
65396534616234663534663331623265376630306334363862303334633935663363653837313766
64386331393461343164323136383364343463316463616436623838666364373433336236303362
62666465326537383731373739366234356362343331363735386237316534666361623539396335
66343733333632643563623264363038633139393835346631613534313866396462323133356439
34306233373238613066656330336530336130386531346635343361383830643030363935636663
61376363643832313237616261356130353836336636643539623865633734386235656136373131
62623865353635353263656464343936373562613433363330373836633237346139303437393438
34663836653730666530663366333231363562393463373133623237393939373038323962623161
35313330653832343434363762353937393331663633313238663438663835623439343032643934
66663239613035623139366162666134336162343364643462336133386563376231353630303830
613531663065616565623137623065346335
