$ANSIBLE_VAULT;1.1;AES256
66633737633635363034666364323561303033616232653165393965343663663062303833393062
6163666530376534663165396337653535363735363837360a353664636664363038373534663032
31646231393966346139326234326236356538613337363331326339636132396235366230333333
6331663362343965330a636630383862336631306331376265313333373138376436306533356336
37633038646637356436653636623662356234623136343835363161383636316438353031336234
38316233663563666230653430666666623961356366393536366462353065356362633530653663
32393763623233316138343634623733653338343135386131376436643534633534316464373433
62343539336632333563326165396463613666666137373033356435623139613235353630346430
34336233323130623231643066306530343161623062646434626530306564633437353136306364
61656661373963646130643337616638393536363666633536333731333738636639363231616436
32346237393561396462613435663432343637333433393030626634666530323630626139663735
63316434386562363738326661346262346438363136313965666637356235643433336338623133
35366131336531386662333336383265303439323531303631653831346133633732373462363662
34366234316338313165643031366436303165316330623163643065663230626561663166616661
303432333761633235656139383338393331
